2717.48877
P: -27.17 I: -242.40, 0, 4444, 479.52048
P: -4.80 I: -290.40, 0, 23000, 0.00000
P: 0.00 I: -290.40, 0, 41001, 0.00000
P: 0.00 I: -290.40, 0, 104002, 0.00000
P: 0.00 I: -290.40, 0, 122003, 0.00000
P: 0.00 I: -290.40, 0, 140004, 0.00000
P: 0.00 I: -290.40, 0, 203010, 0.00000
P: 0.00 I: -290.40, 0, 221011, 0.00000
P: 0.00 I: -290.40, 0, 234012, NEW SETPOINT: 3000, 0.00000
P: 30.00 I: 9.90, 59, 302013, 1389.90820
P: 16.10 I: 80.10, 116, 310234, 3206.34912
P: -2.06 I: 76.20, 94, 312013, 3462.85718
P: -4.63 I: 68.10, 83, 313213, 2845.07031
P: 1.55 I: 71.40, 92, 320041, 2941.74756
P: 0.58 I: 72.60, 93, 321402, 3045.22607
P: -0.45 I: 71.70, 91, 323201, 2985.22168
P: 0.15 I: 72.00, 92, 330004, 2985.22168
P: 0.15 I: 72.30, 92, 331312, 3000.00000
P: 0.00 I: 72.30, 92, 333114, 3000.00000
P: 0.00 I: 72.30, 92, 334421, 2985.22168
P: 0.15 I: 72.60, 92, 341224, 2970.58813
P: 0.29 I: 73.20, 93, 343033, 3014.92529
P: -0.15 I: 72.90, 92, 344334, 3000.00000
P: 0.00 I: 72.90, 92, 401141, 3030.00000
P: -0.30 I: 72.30, 91, 402441, 3000.00000
P: 0.00 I: 72.30, 92, 404243, 3014.92529
P: -0.15 I: 72.00, 91, 411044, 2985.22168
P: 0.15 I: 72.30, 92, 412402, 3000.00000
P: 0.00 I: 72.30, 92, 414204, 3014.92529
P: -0.15 I: 72.00, 91, 421010, 2970.58813
P: 0.29 I: 72.60, 92, 422314, 2970.58813
P: 0.29 I: 73.20, 93, 424123, 3014.92529
P: -0.15 I: 72.90, 92, 430424, 3060.60596
P: -0.61 I: 71.70, 91, 432222, 3258.06445
P: -2.58 I: 66.90, 84, 433443, 2858.49048
P: 1.42 I: 69.90, 91, 440320, 2885.71436
P: 1.14 I: 72.30, 93, 442140, 3014.92529
P: -0.15 I: 72.00, 91, 443441, 2985.22168
P: 0.15 I: 72.30, 92, 1000244, 2970.58813
P: 0.29 I: 72.90, 93, 1002103, 3014.92529
P: -0.15 I: 72.60, 92, 1003404, 3014.92529
P: -0.15 I: 72.30, 92, 1010210, 3123.71143
P: -1.24 I: 69.90, 88, 1011444, 3206.34912
P: -2.06 I: 66.00, 83, 1013223, 2985.22168
P: 0.15 I: 66.30, 86, 1020031, 2805.55566
P: 1.94 I: 70.50, 92, 1021412, 2941.74756
P: 0.58 I: 71.70, 92, 1023223, 3014.92529
P: -0.15 I: 71.40, 91, 1030024, 2970.58813
P: 0.29 I: 72.00, 92, 1031333, 3000.00000
P: 0.00 I: 72.00, 92, 1033140, 3000.00000
P: 0.00 I: 72.00, 92, 1034442, 3000.00000
P: 0.00 I: 72.00, 92, 1041244, 3076.14209
P: -0.76 I: 70.50, 89, 1043041, 3223.40430
P: -2.23 I: 66.30, 84, 1044314, 3060.60596
P: -0.61 I: 65.10, 84, 1101112, 2913.46143
P: 0.87 I: 66.90, 87, 1102430, 3060.60596
P: -0.61 I: 65.70, 85, 1104223, 2845.07031
P: 1.55 I: 69.00, 90, 1111101, 2885.71436
P: 1.14 I: 71.40, 92, 1112421, 2985.22168
P: 0.15 I: 71.70, 91, 1114224, 2985.22168
P: 0.15 I: 72.00, 92, 1121032, 2970.58813
P: 0.29 I: 72.60, 92, 1122341, 3060.60596
P: -0.61 I: 71.40, 90, 1124134, 3275.67578
P: -2.76 I: 66.30, 83, 1130404, 3045.22607
P: -0.45 I: 65.40, 84, 1132203, 2970.58813
P: 0.29 I: 66.00, 86, 1134012, 3258.06445
P: -2.58 I: 61.20, 78, 1140233, 3091.83667
P: -0.92 I: 59.40, 78, 1142024, 3045.22607
P: -0.45 I: 58.50, 78, 1143323, 2970.58813
P: 0.29 I: 59.10, 79, 1200132, 3030.00000
P: -0.30 I: 58.50, 78, 1201432, 2589.74365
P: 4.10 I: 68.10, 92, 1203401, 2845.07031
P: 1.55 I: 71.40, 92, 1210224, 3000.00000
P: 0.00 I: 71.40, 91, 1212031, 2970.58813
P: 0.29 I: 72.00, 92, 1213340, 3139.89648
P: -1.40 I: 69.30, 87, 1220123, 3206.34912
P: -2.06 I: 65.40, 83, 1221402, 2831.77563
P: 1.68 I: 69.00, 90, 1223231, 2885.71436
P: 1.14 I: 71.40, 92, 1230101, 3000.00000
P: 0.00 I: 71.40, 91, 1231403, 3000.00000
P: 0.00 I: 71.40, 91, 1233210, 2985.22168
P: 0.15 I: 71.70, 91, 1240013, 2970.58813
P: 0.29 I: 72.30, 92, 1241322, 3014.92529
P: -0.15 I: 72.00, 91, 1243123, 3014.92529
P: -0.15 I: 71.70, 91, 1244424, 3000.00000
P: 0.00 I: 71.70, 91, 1301231, 3000.00000
P: 0.00 I: 71.70, 91, 1303033, 3000.00000
P: 0.00 I: 71.70, 91, 1304340, 3000.00000
P: 0.00 I: 71.70, 91, 1311142, 3000.00000
P: 0.00 I: 71.70, 91, 1312444, 3000.00000
P: 0.00 I: 71.70, 91, 1314301, 2985.22168
P: 0.15 I: 72.00, 92, 1321104, 3014.92529
P: -0.15 I: 71.70, 91, 1322410, 3000.00000
P: 0.00 I: 71.70, 91, 1324212, 3000.00000
P: 0.00 I: 71.70, 91, 1331014, 2985.22168
P: 0.15 I: 72.00, 92, 1332322, 3014.92529
P: -0.15 I: 71.70, 91, 1334123, 3000.00000
P: 0.00 I: 71.70, 91, 1340430, 2985.22168
P: 0.15 I: 72.00, 92, 1342233, 3030.00000
P: -0.30 I: 71.40, 91, 1344033, 3014.92529
P: -0.15 I: 71.10, 90, 1400334, 2970.58813
P: 0.29 I: 71.70, 91, 1402143, 3000.00000
P: 0.00 I: 71.70, 91, 1404000, 3000.00000
P: 0.00 I: 71.70, 91, 1410302, 3000.00000
P: 0.00 I: 71.70, 91, 1412104, 3000.00000
P: 0.00 I: 71.70, 91, 1413411, 3000.00000
P: 0.00 I: 71.70, 91, 1420213, 3000.00000
P: 0.00 I: 71.70, 91, 1422020, 